283824000
283827600
283831200
283834800
283838400
283842000
283845600
283849200
283852800
283856400
283860000
283863600
283867200
283870800
283874400
283878000
283881600
283885200
283888800
283892400
283896000
283899600
283903200
283906800
286416000
286419600
286423200
286426800
286430400
286434000
286437600
286441200
286444800
286448400
286452000
286455600
286459200
286462800
286466400
286470000
286473600
286477200
286480800
286484400
286488000
286491600
286495200
286498800
289008000
289011600
289015200
289018800
289022400
289026000
289029600
289033200
289036800
289040400
289044000
289047600
289051200
289054800
289058400
289062000
289065600
289069200
289072800
289076400
289080000
289083600
289087200
289090800
291600000
291603600
291607200
291610800
291614400
291618000
291621600
291625200
291628800
291632400
291636000
291639600
291643200
291646800
291650400
291654000
291657600
291661200
291664800
291668400
291672000
291675600
291679200
291682800
294192000
294195600
294199200
294202800
294206400
294210000
294213600
294217200
294220800
294224400
294228000
294231600
294235200
294238800
294242400
294246000
294249600
294253200
294256800
294260400
294264000
294267600
294271200
294274800
296784000
296787600
296791200
296794800
296798400
296802000
296805600
296809200
296812800
296816400
296820000
296823600
296827200
296830800
296834400
296838000
296841600
296845200
296848800
296852400
296856000
296859600
296863200
296866800
299376000
299379600
299383200
299386800
299390400
299394000
299397600
299401200
299404800
299408400
299412000
299415600
299419200
299422800
299426400
299430000
299433600
299437200
299440800
299444400
299448000
299451600
299455200
299458800
301968000
301971600
301975200
301978800
301982400
301986000
301989600
301993200
301996800
302000400
302004000
302007600
302011200
302014800
302018400
302022000
302025600
302029200
302032800
302036400
302040000
302043600
302047200
302050800
304560000
304563600
304567200
304570800
304574400
304578000
304581600
304585200
304588800
304592400
304596000
304599600
304603200
304606800
304610400
304614000
304617600
304621200
304624800
304628400
304632000
304635600
304639200
304642800
307152000
307155600
307159200
307162800
307166400
307170000
307173600
307177200
307180800
307184400
307188000
307191600
307195200
307198800
307202400
307206000
307209600
307213200
307216800
307220400
307224000
307227600
307231200
307234800
309744000
309747600
309751200
309754800
309758400
309762000
309765600
309769200
309772800
309776400
309780000
309783600
309787200
309790800
309794400
309798000
309801600
309805200
309808800
309812400
309816000
309819600
309823200
309826800
312336000
312339600
312343200
312346800
312350400
312354000
312357600
312361200
312364800
312368400
312372000
312375600
312379200
312382800
312386400
312390000
312393600
312397200
312400800
312404400
312408000
312411600
312415200
312418800
